1423162016
5025250536
3036559822
2192277422
2778291523
4973005300
2319806423
3011624418
8642333366
1977814018
7448398767
8013579221
3809526443
7927477596
8121111353
3162943870
8995803590
6731661970
2353053405
8095758749
5941321640
4346283390
833512738
2113289402
2572465368
1578836164
2623242499
9956609879
8968484592
9942126148
9315738149
6479998419
8391930732
6050724881
9635436987
3115093475
3425506525
2135937450
6992450349
930454210
5321290936
1556594529
1842058807
1968830367
3052317725
4690112398
9466384298
2166336913
5259083509
8440503016
6189251791
5129318661
1713484777
2184144963
9988246928
5525283194
3717192712
1180126599
4322566728
9272200692
188632907
650172122
8823192373
3017898792
3562368579
9121945990
9655096333
1546226105
9497177650
924841399
4611814614
120468661
6036493654
6061239738
1297467586
1224598411
5540034308
7375335052
6027584145
2599225141
3016953358
7866445814
7415223221
252316080
4485637237
4949959609
2992156987
8568744726
744919052
7519189602
4270363660
8294319734
5772166163
8397770562
7811191869
9103378911
3428569537
8605256997
6137730782
2275583466
6318378799
1651265866
3405868168
7919640078
7085341361
3484938437
6696871670
7529678907
8775352320
1921411641
8210381946
3768478676
218460877
3153690598
8283442764
7467407209
1039782606
6732861060
5742042881
8795314922
226048280
7888318380
5880004046
9407213060
5764411283
1119423353
8361201962
2439467516
4681736317
2945033694
6068568653
5924796609
7533925028
5976283131
9913648880
3071813779
8932327776
8682373875
4947739499
2220392336
9563097143
3766301643
4634659160
961818659
4180434236
4463410240
2744953003
3001875962
3266127531
6554276243
7590918486
3770692868
2273994952
1818331028
6750933366
3735882975
8307260824
9735262686
9807147218
1640619260
3722941390
533122468
4079742636
9791379468
601265166
4603986827
7223009175
9755442960
8179618833
3471943446
231906802
9026092316
3456483157
5907208053
9028530301
2291199625
5780213210
3691993696
4673660619
1166419336
9865743979
126197679
4341578403
6265544923
6920047306
8806500793
2995677757
5036231130
7196860970
9808437042
3535955239
2350352150
2267725610
9249379933
3223337717
8600226026
7096013919
4779628767
1969027293
4053537669
7440062741
3185431487
7064781418
421002103
2499901204
2485857774
4072703750
5707531395
622762018
3260191274
8340481505
7852039450
9640233902
9976951517
6144520080
3887858141
1093394150
9868949052
5690885906
8592860522
3966178353
5201206662
7775935736
2650933709
2459681307
6140347673
4221276794
8581016298
3833564058
2739880074
2783549580
1652288232
6322755224
8476134154
7074875037
7146555711
4619602777
1460906641
8294555828
6028297390
6434344787
8653778750
2278746788
7470733852
1663896125
4765608637
1607318853
9933403803
8589953802
6230695905
9359847754
8634840244
6620858705
1627102166
3353121900
6882947304
4794340099
2192700292
4859979078
4873015669
9155069079
2083000967
4540638393
6411439172
9365775613
9849711544
1380807614
7794915488
8091867850
1140092182
685296064
9969085082
5718243502
1375440405
211817407
2408254357
4062650668
1418117289
186921948
3115159571
7888341281
3939852029
5869156773
49834001
404904454
9327133985
3401356567
490756984
8699700217
1663449214
1451204636
906712000
8898212152
1161551032
5789049186
564555707
4452873326
6892632666
3961008323
7219584267
5248502325
3971009821
9094269617
4829343656
4397810413
6732846010
9350112289
8466785648
9869727498
4030874155
1008994769
2155899453
7418448027
8796411181
9664643826
5766117556
2769846037
3503834182
3026039310
7095206796
7037680663
2335712295
4202702147
1604734634
8668754900
5921747659
7753041878
8415604051
4868771876
552806349
9314995633
2722970107
7633146624
599086564
4958419245
4809828145
1580382999
997737674
4993030874
9978571343
685801731
8629827150
2929467445
8008185170
8237725021
6809752902
6062381853
5643696479
2940812800
1217803351
5066547057
3774798442
4924900808
8260948624
2515915504
7164055236
9095566526
1011621787
8629883400
4966406903
393497128
4114382100
3475291869
9761955087
9970662846
5913460031
232488283
6028981540
9798216776
5755118855
2443202657
6588170180
3978960158
8062118144
9181071341
3718602721
7774270654
9303770988
6402687717
558054175
2579145452
6495798232
9074140860
9934190212
6698762581
6516452917
5675718543
4592419854
331189462
1639994600
6864608129
730791599
4849554431
3805188275
82431415
2090925011
9927314957
7247257261
3728605516
3511953364
3988179209
586030802
9127298657
4383978324
2615805814
3274062935
4451897060
7394504565
6382076713
755541798
4683518312
4222991672
9421466366
5121148715
3783921462
3444448772
9686191199
5166343111
7383136820
680609144
243981751
9343549442
513973802
5742604186
5948518168
2554826695
179687915
8207345677
4159710046
9476928357
677026579
1001077358
3451660131
161681275
3189531168
2891157112
8048090408
1415695772
972718574
8152263729
5888256745
9775028402
1328198178
5504064811
7548008351
3430663355
8978057491
3985795521
9699063793
6161225879
8821635213
7002781004
6118045371
6221042030
6282454094
5877622835
6431706782
9180525851
8002708758
2122243692
1892730603
2870496763
329125243
5286370988
5783053471
282292827
7426223915
5476030539
3573442477
5754308925
8043641561
9979642494
539309738
5301538160
5122389357
7862980141
2884986147
7778696938
6307888882
9411190082
985262483
4477344893
2323531906
7901932829
6363523519
7141360779
3664821293
270716621
7360967302
636840498
5150347847
1051696012
3821113911
8121735026
9886987205
2573203202
7928079922
9725469876
712242302
4727196106
4209009460
117938896
6321438258
4050378937
5160272640
1774171748
6355545820
6308833841
1800352934
5255085050
8470706073
4238158519
1994204959
3849468310
9413207927
9047549905
4460362473
1262732098
528008007
1794385219
9257433163
3389742638
5213239117
1077914971
3678282075
4709958588
1626720612
45688764
8255785511
6537770316
4961957386
2180962037
3298118976
6488800780
3941657051
1757188974
1159945965
8512501177
524610146
2347448076
6586271427
4475575425
2360643407
5477358360
2368320734
6778438687
3224417858
569058952
8020532811
5097460071
8749268452
377697101
8018267753
476094489
197922843
8550839177
7337059088
2133823420
6575716726
2362959864
8968432821
6344698848
9592078415
4297504407
5825362635
774134334
1208518506
3555620397
1529080615
9949499877
8650104061
7205331010
230160097
4608356836
150745413
5749958245
1388128584
2477160495
2425745178
4895587834
8596064150
8145911236
3730182583
4284325257
6917038879
1793611824
7207005403
1920402461
4123822374
4920617312
1891997771
6216126522
970923710
6717265605
8382937399
7865287284
6858827057
8449431205
2325890625
4397918867
5098351801
7797041328
6278118583
8443679548
1983023627
9138010973
8246467620
6742178893
2350376354
3112709719
8883875180
2202666439
7442086923
2834945060
8423465090
6428820484
4340598168
8651506329
9262807768
3977636646
3656578540
2768325970
6994619201
6665092560
9891897897
1604622733
4454687243
6119102719
7743400893
3371294492
6091688213
641316101
44884984
9447104154
5573706640
7239955663
6885477046
3733665611
1813471781
2686886100
4012473390
7306888950
1864473246
9764733534
447602723
4927664897
4728631211
222475714
4567917445
7444573537
5951610185
1588101036
6575130318
885163492
1139303155
9410915416
7102341948
2366733870
3789195616
9023072298
4836818530
8605610898
5283499428
4016906796
8788432377
9221733012
412633086
6809985881
9743893126
1394574287
9158881575
1110217771
9714117992
1114492753
6377686183
5800994551
974589298
7318217800
7786296557
5794711562
4263891130
2145471036
2558971374
3183475657
1626813665
9625022396
2646569658
7927955106
2886275885
4026633372
1216496927
2809351417
6157905081
4196063933
5244492218
4863419880
2886670869
7433615918
3931790851
8250966279
9772337520
124765116
9680733222
2894738499
9510174870
2803791852
5479810038
30531171
9538221756
1457193793
5632762214
4011116930
250046357
8972675783
2629094174
9550032168
7656720474
8153341144
2125479504
8952417684
237217777
4679538463
7344766050
1639483540
6750459938
1746812097
1172303241
7957180955
2198812122
7166086241
4825716355
9787456204
1204516390
5882535534
6542692905
5125161126
349448029
2234986735
9693721294
916155013
4055485565
1275401385
2767193969
6449615346
6728186078
1643577313
2883590179
4518576010
7425073382
6917619886
901652129
2883708925
3922985870
267214537
7947763456
3111461992
8560301130
3104678063
9920217562
1711554919
2194931077
2520098769
1936371921
7253151915
7587122381
3275139060
6813847332
9467243106
7215570395
3640689321
5499839926
7303195615
546516529
357565086
9623127236
3349243111
6237356853
6995358311
4865998047
2765561283
2955405953
8335374483
3881999642
181418011
5277608338
5924403125
4818488404
1495995106
3818014518
1459228364
2424973623
9049700277
9340499305
9403561749
2921903523
6316659701
7863386415
2916444288
3037803386
6764033939
7313204311
8660698564
7781154678
6940433791
8119867214
5412060288
6171896059
6529653463
4950160401
3025311557
3102254645
6126458185
9219473441
829759832
85427638
8508680933
7176602060
520195617
7595453775
2970283820
2207331624
6833692824
4510066774
4378513384
7846984210
835732448
9447186460
3800258962
9375067496
8506928856
8337992224
4969118361
8821768434
2538685197
100887630
8629212631
4927657374
7680202718
1325171259
466822114
5498974462
8103726878
2067388703
5188575061
2057873439
6066741084
3962792980
2399661415
8310597954
6685432688
372490765
6741050109
6318199421
7572376171
2444493673
1046000830
1527220364
8137601778
9131213203
8856665248
7039470930
1744238030
3919717219
47229147
5281391151
6680522098
3946235604
6670263852
6367031969
4359575439
783507880
8578473088
2877550308
2771734735
229954274
2966494218
1537308382
2430761318
4537274810
3981923679
4051924428
7157765527
646913547
6211519936
9908313311
6163580574
6341663437
2590021020
4227161301
3484377657
9458595153
5524067741
9245492249
9954942318
8882853052
6326175287
4992091650
8269652715
4402577304
7631810374
4854437230
2957409517
4429953683
3727635390
3635149782
2451242888
8198333029
1718441512
5547438987
1826803153
4843554377
5659341396
1269570869
7740553117
1592890355
7095451950
6092673987
5593589657
7210065089
3305470573
8742216987
9112589871
5418048492
9590956251
2248820010
3731042294
9549854697
7627098774
8096889148
5376012365
8086799233
8908568687
6890782747
3528950261
7506738360
8279621445
9185716192
1080111595
7278921799
6961051866
2658497324
6804315719
9666790826
1962835449
3664544067
2986768949
2360712655
6714057114
9362108774
6871823056
9877802334
8606090284
5731592728
7587603576
930188696
6606768212
3306978130
9900657579
8010361353
4365204852
20519385
8049489801
6920344581
186674196
1964879366
1429369165
793114493
2295144340
9305101644
2533910142
4162980286
6248492534
6783103006
4067360423
2291396268
3906780085
116151008
9589980053
8395714769
8401308870
654345210
1273806605
3129846587
8563225248
1187739219
9251074566
3866057710
422258640
3326812465
1124996610
8893598699
5717616082
8586823281
1268355909
3707536165
8754331191
2220537191
1287203146
5412892235
1273302342
